534
31
98
534 31 -1
514 51 -1
496 57 -1
469 61 -1
453 63 -1
436 64 -1
419 65 -1
402 66 -1
385 67 -1
368 67 -1
352 68 -1
337 69 -1
318 70 -1
302 71 -1
285 72 -1
268 73 -1
250 74 -1
233 76 -1
216 77 -1
200 79 -1
185 81 -1
165 82 -1
148 82 -1
130 82 -1
113 83 -1
96 85 -1
80 90 -1
68 98 -1
55 112 -1
45 127 -1
36 144 -1
29 163 -1
24 181 -1
23 198 -1
25 214 -1
31 228 -1
41 239 -1
53 248 -1
67 256 -1
82 263 -1
99 268 -1
116 273 -1
134 277 -1
151 280 -1
168 283 -1
185 285 -1
200 288 -1
215 291 -1
231 294 -1
248 297 -1
265 299 -1
282 301 -1
300 301 -1
316 301 -1
333 299 -1
347 296 -1
366 289 -1
381 281 -1
397 271 -1
412 260 -1
425 247 -1
435 233 -1
441 219 -1
441 194 -1
433 180 -1
422 167 -1
408 155 -1
393 144 -1
377 135 -1
362 128 -1
340 121 -1
324 120 -1
306 121 -1
289 123 -1
271 127 -1
255 131 -1
240 136 -1
226 144 -1
212 155 -1
200 168 -1
182 190 -1
172 204 -1
162 219 -1
153 234 -1
146 249 -1
139 270 -1
135 286 -1
132 302 -1
130 319 -1
128 336 -1
126 353 -1
124 369 -1
123 385 -1
121 400 -1
120 416 -1
119 433 -1
119 450 -1
118 465 -1
