620
0
279
553 50 -1
546 50 -1
539 50 -1
532 50 -1
525 50 -1
518 50 -1
511 50 -1
504 50 -1
497 50 -1
490 50 -1
483 50 -1
476 50 -1
469 50 -1
462 50 -1
455 50 -1
448 50 -1
441 50 -1
434 50 -1
427 50 -1
420 50 -1
413 50 -1
406 50 -1
399 50 -1
392 50 -1
385 50 -1
378 50 -1
371 50 -1
364 50 -1
357 50 -1
350 50 -1
343 50 -1
336 50 -1
329 50 -1
322 50 -1
315 50 -1
308 50 -1
301 50 -1
294 50 -1
287 50 -1
280 50 -1
273 50 -1
266 50 -1
259 50 -1
252 50 -1
245 50 -1
238 50 -1
231 50 -1
224 50 -1
217 50 -1
210 50 -1
203 50 -1
196 50 -1
189 50 -1
182 50 -1
175 50 -1
168 50 -1
161 50 -1
154 50 -1
147 50 -1
140 50 -1
133 50 -1
126 50 -1
119 50 -1
112 50 -1
105 50 -1
98 50 -1
91 50 -1
84 50 -1
77 50 -1
70 50 -1
63 50 -1
56 50 -1
49 50 -1
42 50 -1
35 50 -1
28 50 -1
21 50 -1
14 50 -1
7 50 -1
0   50  -1
0   55  -1
0   60  -1
0   65  -1
0   70  -1
0   75  -1
0   80  -1
0   85  -1
0   90  -1
0   95  -1
0   100  -1
0   105  -1
0   110  -1
0   115  -1
0   120  -1
0   125  -1
0   130  -1
0   135  -1
0   140  -1
0   145  -1
0 150 -1
7 150 -1
14 150 -1
21 150 -1
28 150 -1
35 150 -1
42 150 -1
49 150 -1
56 150 -1
63 150 -1
70 150 -1
77 150 -1
84 150 -1
91 150 -1
98 150 -1
105 150 -1
112 150 -1
119 150 -1
126 150 -1
133 150 -1
140 150 -1
147 150 -1
154 150 -1
161 150 -1
168 150 -1
175 150 -1
182 150 -1
189 150 -1
196 150 -1
203 150 -1
210 150 -1
217 150 -1
224 150 -1
231 150 -1
238 150 -1
245 150 -1
252 150 -1
259 150 -1
266 150 -1
273 150 -1
280 150 -1
287 150 -1
294 150 -1
301 150 -1
308 150 -1
315 150 -1
322 150 -1
329 150 -1
336 150 -1
343 150 -1
350 150 -1
357 150 -1
364 150 -1
371 150 -1
378 150 -1
385 150 -1
392 150 -1
399 150 -1
406 150 -1
413 150 -1
420 150 -1
427 150 -1
434 150 -1
441 150 -1
448 150 -1
455 150 -1
462 150 -1
469 150 -1
476 150 -1
483 150 -1
490 150 -1
497 150 -1
504 150 -1
511 150 -1
518 150 -1
525 150 -1
532 150 -1
539 150 -1
546 150 -1
553 150 -1
553   150  -1
553   155  -1
553   160  -1
553   165  -1
553   170  -1
553   175  -1
553   180  -1
553   185  -1
553   190  -1
553   195  -1
553   200  -1
553   205  -1
553   210  -1
553   215  -1
553   220  -1
553   225  -1
553   230  -1
553   235  -1
553   240  -1
553   245  -1
553 250 -1
546 250 -1
539 250 -1
532 250 -1
525 250 -1
518 250 -1
511 250 -1
504 250 -1
497 250 -1
490 250 -1
483 250 -1
476 250 -1
469 250 -1
462 250 -1
455 250 -1
448 250 -1
441 250 -1
434 250 -1
427 250 -1
420 250 -1
413 250 -1
406 250 -1
399 250 -1
392 250 -1
385 250 -1
378 250 -1
371 250 -1
364 250 -1
357 250 -1
350 250 -1
343 250 -1
336 250 -1
329 250 -1
322 250 -1
315 250 -1
308 250 -1
301 250 -1
294 250 -1
287 250 -1
280 250 -1
273 250 -1
266 250 -1
259 250 -1
252 250 -1
245 250 -1
238 250 -1
231 250 -1
224 250 -1
217 250 -1
210 250 -1
203 250 -1
196 250 -1
189 250 -1
182 250 -1
175 250 -1
168 250 -1
161 250 -1
154 250 -1
147 250 -1
140 250 -1
133 250 -1
126 250 -1
119 250 -1
112 250 -1
105 250 -1
98 250 -1
91 250 -1
84 250 -1
77 250 -1
70 250 -1
63 250 -1
56 250 -1
49 250 -1
42 250 -1
35 250 -1
28 250 -1
21 250 -1
14 250 -1
7 250 -1
