99 
0
129
99 19 3
99 33 3
99 47 3
99 63 3
99 79 3
99 96 3
98 114 3
98 132 3
98 150 3
98 168 3
98 186 3
97 205 3
97 223 3
97 240 3
97 257 3
96 274 3
96 290 3
96 305 3
95 319 3
95 332 3
93 351 3
93 369 3
105 384 4
120 396 4
146 406 5
165 409 5
183 412 6
199 411 6
213 407 7
230 399 7
246 389 7
258 378 8
265 361 8
268 344 9
269 325 9
268 308 10
264 294 10
256 283 11
243 271 11
228 260 12
213 251 12
199 244 13
181 239 13
163 238 14
144 237 14
127 237 14
109 237 14
90 238 14
71 238 13
55 235 12
39 221 11
31 204 11
25 185 11
24 169 11
28 152 -1
35 135 -1
45 119 -1
55 104 -1
66 93 -1
82 85 -1
98 82 -1
116 79 -1
135 77 -1
152 77 -1
166 76 -1
180 76 -1
197 77 -1
215 78 -1
233 80 -1
251 82 -1
268 83 -1
282 84 -1
295 85 -1
311 85 -1
328 86 -1
346 86 -1
364 87 -1
382 88 -1
400 89 -1
417 89 -1
432 90 -1
445 91 -1
459 92 -1
476 93 -1
495 93 -1
513 95 -1
531 97 -1
547 99 -1
566 111 -1
579 126 -1
585 152 -1
584 171 -1
582 189 -1
581 215 -1
582 233 -1
582 251 -1
582 268 -1
581 294 -1
581 311 -1
579 330 -1
577 347 -1
574 362 -1
566 378 -1
555 393 -1
542 407 -1
522 423 -1
506 433 -1
490 441 -1
464 447 -1
444 446 -1
417 440 -1
399 434 -1
385 426 -1
372 410 -1
364 393 -1
366 370 -1
372 353 -1
379 336 -1
388 321 -1
403 306 -1
418 296 -1
435 287 -1
451 279 -1
466 273 -1
483 269 -1
500 267 -1
518 265 -1
536 264 -1
553 263 -1
