616
423
138
616 423 -1
601 422 -1
583 422 -1
565 422 -1
547 422 -1
529 422 -1
512 421 -1
497 421 -1
473 421 -1
458 420 -1
441 420 -1
423 420 -1
404 420 -1
386 420 -1
369 420 -1
354 419 -1
340 419 -1
326 419 -1
311 418 -1
293 418 -1
275 417 -1
256 416 -1
238 416 -1
221 415 -1
206 414 -1
182 412 -1
165 411 -1
147 409 -1
129 407 -1
112 404 -1
99 400 -1
86 392 -1
72 381 -1
59 367 -1
49 353 -1
43 333 -1
43 315 -1
44 296 -1
47 278 -1
51 262 -1
59 242 -1
69 227 -1
80 212 -1
92 198 -1
102 187 -1
114 177 -1
129 167 -1
145 158 -1
169 152 -1
186 151 -1
204 152 -1
222 152 -1
237 153 -1
257 153 -1
272 153 -1
289 152 -1
307 152 -1
325 151 -1
343 152 -1
361 152 -1
378 153 -1
392 154 -1
415 161 -1
430 171 -1
446 183 -1
461 194 -1
476 203 -1
490 205 -1
506 201 -1
522 193 -1
538 184 -1
555 172 -1
570 160 -1
583 146 -1
593 133 -1
598 119 -1
595 101 -1
584 91 -1
567 83 -1
548 76 -1
528 70 -1
509 66 -1
493 63 -1
477 60 -1
461 60 -1
444 60 -1
425 61 -1
407 62 -1
389 64 -1
372 66 -1
357 68 -1
333 71 -1
316 74 -1
299 77 -1
281 82 -1
265 87 -1
252 94 -1
240 106 -1
230 119 -1
220 134 -1
211 151 -1
203 168 -1
197 184 -1
192 197 -1
188 211 -1
183 229 -1
178 248 -1
176 267 -1
175 285 -1
178 300 -1
195 313 -1
210 317 -1
226 319 -1
244 319 -1
263 318 -1
282 317 -1
301 315 -1
317 314 -1
332 313 -1
348 313 -1
364 311 -1
381 310 -1
399 308 -1
417 306 -1
436 305 -1
453 305 -1
469 306 -1
483 308 -1
503 320 -1
513 331 -1
524 346 -1
533 362 -1
542 379 -1
551 395 -1
558 411 -1
565 425 -1
572 448 -1
573 467 -1
