30
96
109
30 96 -1
44 97 -1
58 97 -1
76 98 -1
101 97 -1
118 94 -1
133 92 -1
147 92 -1
162 97 -1
189 119 -1
200 132 -1
207 146 -1
210 161 -1
209 178 -1
204 197 -1
196 214 -1
186 226 -1
174 234 -1
161 241 -1
145 249 -1
129 260 -1
111 270 -1
95 277 -1
81 284 -1
72 297 -1
72 325 -1
79 338 -1
91 348 -1
106 358 -1
132 382 -1
144 392 -1
155 400 -1
169 408 -1
200 424 -1
214 431 -1
227 436 -1
243 439 -1
277 439 -1
292 436 -1
306 428 -1
332 411 -1
347 403 -1
360 395 -1
370 384 -1
379 369 -1
386 340 -1
384 325 -1
379 312 -1
370 298 -1
359 281 -1
348 267 -1
336 258 -1
323 251 -1
307 241 -1
291 231 -1
277 224 -1
265 215 -1
247 187 -1
241 172 -1
238 157 -1
240 140 -1
253 115 -1
264 104 -1
276 97 -1
292 91 -1
310 84 -1
328 77 -1
343 72 -1
357 69 -1
371 68 -1
386 67 -1
406 68 -1
427 69 -1
444 69 -1
460 69 -1
474 70 -1
488 73 -1
503 79 -1
520 89 -1
538 105 -1
546 118 -1
550 133 -1
550 150 -1
549 170 -1
546 189 -1
539 202 -1
530 214 -1
520 229 -1
504 250 -1
490 263 -1
480 275 -1
479 291 -1
493 311 -1
512 319 -1
532 323 -1
550 327 -1
562 335 -1
563 351 -1
556 369 -1
547 382 -1
535 391 -1
521 397 -1
506 402 -1
490 408 -1
473 414 -1
456 424 -1
433 443 -1
424 454 -1
412 469 -1
