0
0
379
0 0 -1
7 0 -1
14 0 -1
21 0 -1
28 0 -1
35 0 -1
42 0 -1
49 0 -1
56 0 -1
63 0 -1
70 0 -1
77 0 -1
84 0 -1
91 0 -1
98 0 -1
105 0 -1
112 0 -1
119 0 -1
126 0 -1
133 0 -1
140 0 -1
147 0 -1
154 0 -1
161 0 -1
168 0 -1
175 0 -1
182 0 -1
189 0 -1
196 0 -1
203 0 -1
210 0 -1
217 0 -1
224 0 -1
231 0 -1
238 0 -1
245 0 -1
252 0 -1
259 0 -1
266 0 -1
273 0 -1
280 0 -1
287 0 -1
294 0 -1
301 0 -1
308 0 -1
315 0 -1
322 0 -1
329 0 -1
336 0 -1
343 0 -1
350 0 -1
357 0 -1
364 0 -1
371 0 -1
378 0 -1
385 0 -1
392 0 -1
399 0 -1
406 0 -1
413 0 -1
420 0 -1
427 0 -1
434 0 -1
441 0 -1
448 0 -1
455 0 -1
462 0 -1
469 0 -1
476 0 -1
483 0 -1
490 0 -1
497 0 -1
504 0 -1
511 0 -1
518 0 -1
525 0 -1
532 0 -1
539 0 -1
546 0 -1
553 0 -1
553  0  -1
553  5  -1
553  10  -1
553  15  -1
553  20  -1
553  25  -1
553  30  -1
553  35  -1
553  40  -1
553  45  -1
553  50  -1
553  55  -1
553  60  -1
553  65  -1
553  70  -1
553  75  -1
553  80  -1
553  85  -1
553  90  -1
553  95  -1
553 100 -1
546 100 -1
539 100 -1
532 100 -1
525 100 -1
518 100 -1
511 100 -1
504 100 -1
497 100 -1
490 100 -1
483 100 -1
476 100 -1
469 100 -1
462 100 -1
455 100 -1
448 100 -1
441 100 -1
434 100 -1
427 100 -1
420 100 -1
413 100 -1
406 100 -1
399 100 -1
392 100 -1
385 100 -1
378 100 -1
371 100 -1
364 100 -1
357 100 -1
350 100 -1
343 100 -1
336 100 -1
329 100 -1
322 100 -1
315 100 -1
308 100 -1
301 100 -1
294 100 -1
287 100 -1
280 100 -1
273 100 -1
266 100 -1
259 100 -1
252 100 -1
245 100 -1
238 100 -1
231 100 -1
224 100 -1
217 100 -1
210 100 -1
203 100 -1
196 100 -1
189 100 -1
182 100 -1
175 100 -1
168 100 -1
161 100 -1
154 100 -1
147 100 -1
140 100 -1
133 100 -1
126 100 -1
119 100 -1
112 100 -1
105 100 -1
98 100 -1
91 100 -1
84 100 -1
77 100 -1
70 100 -1
63 100 -1
56 100 -1
49 100 -1
42 100 -1
35 100 -1
28 100 -1
21 100 -1
14 100 -1
7 100 -1
0  100 -1 
0  105 -1 
0  110 -1 
0  115 -1 
0  120 -1 
0  125 -1 
0  130 -1 
0  135 -1 
0  140 -1 
0  145 -1 
0  150 -1 
0  155 -1 
0  160 -1 
0  165 -1 
0  170 -1 
0  175 -1 
0  180 -1 
0  185 -1 
0  190 -1 
0  195 -1 
0 200  -1
7 200  -1
14 200  -1
21 200  -1
28 200  -1
35 200  -1
42 200  -1
49 200  -1
56 200  -1
63 200  -1
70 200  -1
77 200  -1
84 200  -1
91 200  -1
98 200  -1
105 200  -1
112 200  -1
119 200  -1
126 200  -1
133 200  -1
140 200  -1
147 200  -1
154 200  -1
161 200  -1
168 200  -1
175 200  -1
182 200  -1
189 200  -1
196 200  -1
203 200  -1
210 200  -1
217 200  -1
224 200  -1
231 200  -1
238 200  -1
245 200  -1
252 200  -1
259 200  -1
266 200  -1
273 200  -1
280 200  -1
287 200  -1
294 200  -1
301 200  -1
308 200  -1
315 200  -1
322 200  -1
329 200  -1
336 200  -1
343 200  -1
350 200  -1
357 200  -1
364 200  -1
371 200  -1
378 200  -1
385 200  -1
392 200  -1
399 200  -1
406 200  -1
413 200  -1
420 200  -1
427 200  -1
434 200  -1
441 200  -1
448 200  -1
455 200  -1
462 200  -1
469 200  -1
476 200  -1
483 200  -1
490 200  -1
497 200  -1
504 200  -1
511 200  -1
518 200  -1
525 200  -1
532 200  -1
539 200  -1
546 200  -1
553 200  -1
553   200 -1 
553   205 -1 
553   210 -1 
553   215 -1 
553   220 -1 
553   225 -1 
553   230 -1 
553   235 -1 
553   240 -1 
553   245 -1 
553   250 -1 
553   255 -1 
553   260 -1 
553   265 -1 
553   270 -1 
553   275 -1 
553   280 -1 
553   285 -1 
553   290 -1 
553   295 -1 
553 300 -1
546 300 -1
539 300 -1
532 300 -1
525 300 -1
518 300 -1
511 300 -1
504 300 -1
497 300 -1
490 300 -1
483 300 -1
476 300 -1
469 300 -1
462 300 -1
455 300 -1
448 300 -1
441 300 -1
434 300 -1
427 300 -1
420 300 -1
413 300 -1
406 300 -1
399 300 -1
392 300 -1
385 300 -1
378 300 -1
371 300 -1
364 300 -1
357 300 -1
350 300 -1
343 300 -1
336 300 -1
329 300 -1
322 300 -1
315 300 -1
308 300 -1
301 300 -1
294 300 -1
287 300 -1
280 300 -1
273 300 -1
266 300 -1
259 300 -1
252 300 -1
245 300 -1
238 300 -1
231 300 -1
224 300 -1
217 300 -1
210 300 -1
203 300 -1
196 300 -1
189 300 -1
182 300 -1
175 300 -1
168 300 -1
161 300 -1
154 300 -1
147 300 -1
140 300 -1
133 300 -1
126 300 -1
119 300 -1
112 300 -1
105 300 -1
98 300 -1
91 300 -1
84 300 -1
77 300 -1
70 300 -1
63 300 -1
56 300 -1
49 300 -1
42 300 -1
35 300 -1
28 300 -1
21 300 -1
14 300 -1
7 300 -1
