99 
0
129
99 19 -1
99 33 -1
99 47 -1
99 63 -1
99 79 -1
99 96 -1
98 114 -1
98 132 -1
98 150 -1
98 168 -1
98 186 -1
97 205 -1
97 223 -1
97 240 -1
97 257 -1
96 274 -1
96 290 -1
96 305 -1
95 319 -1
95 332 -1
93 351 -1
93 369 -1
105 384 -1
120 396 -1
146 406 -1
165 409 -1
183 412 -1
199 411 -1
213 407 -1
230 399 -1
246 389 -1
258 378 -1
265 361 -1
268 344 -1
269 325 -1
268 308 -1
264 294 -1
256 283 -1
243 271 -1
228 260 -1
213 251 -1
199 244 -1
181 239 -1
163 238 -1
144 237 -1
127 237 -1
109 237 -1
90 238 -1
71 238 -1
55 235 -1
39 221 -1
31 204 -1
25 185 -1
24 169 -1
28 152 -1
35 135 -1
45 119 -1
55 104 -1
66 93 -1
82 85 -1
98 82 -1
116 79 -1
135 77 -1
152 77 -1
166 76 -1
180 76 -1
197 77 -1
215 78 -1
233 80 -1
251 82 -1
268 83 -1
282 84 -1
295 85 -1
311 85 -1
328 86 -1
346 86 -1
364 87 -1
382 88 -1
400 89 -1
417 89 -1
432 90 -1
445 91 -1
459 92 -1
476 93 -1
495 93 -1
513 95 -1
531 97 -1
547 99 -1
566 111 -1
579 126 -1
585 152 -1
584 171 -1
582 189 -1
581 215 -1
582 233 -1
582 251 -1
582 268 -1
581 294 -1
581 311 -1
579 330 -1
577 347 -1
574 362 -1
566 378 -1
555 393 -1
542 407 -1
522 423 -1
506 433 -1
490 441 -1
464 447 -1
444 446 -1
417 440 -1
399 434 -1
385 426 -1
372 410 -1
364 393 -1
366 370 -1
372 353 -1
379 336 -1
388 321 -1
403 306 -1
418 296 -1
435 287 -1
451 279 -1
466 273 -1
483 269 -1
500 267 -1
518 265 -1
536 264 -1
553 263 -1
